(323, 668, 256, 373)
(320, 660, 266, 361)
(311, 657, 265, 339)
(306, 659, 277, 361)
(311, 677, 272, 346)
(312, 690, 282, 347)
(321, 700, 287, 320)
(326, 698, 281, 324)
(318, 700, 275, 330)
(317, 703, 265, 312)
(316, 701, 271, 314)
(319, 703, 272, 318)
(317, 704, 278, 314)
(317, 704, 278, 319)
(316, 704, 278, 317)
(316, 705, 275, 311)
(315, 700, 278, 325)
(313, 702, 279, 317)
(315, 702, 278, 313)
(312, 699, 282, 315)
(313, 699, 274, 314)
(310, 697, 277, 315)
(311, 696, 274, 322)
(306, 694, 275, 319)
(304, 695, 281, 326)
(306, 696, 268, 323)
(305, 697, 268, 323)
(301, 696, 271, 323)
(306, 697, 265, 318)
(305, 697, 260, 328)
(303, 699, 265, 336)
(305, 699, 261, 340)
(297, 697, 274, 345)
(293, 694, 277, 351)
(300, 699, 269, 329)
(301, 698, 269, 331)
(295, 695, 273, 345)
(297, 696, 269, 344)
(295, 697, 275, 342)
(295, 697, 275, 344)
(296, 698, 273, 344)
(294, 697, 277, 347)
(295, 698, 274, 343)
(295, 699, 273, 339)
(296, 696, 271, 346)
(301, 701, 270, 328)
(297, 699, 270, 338)
(300, 699, 266, 338)
(300, 701, 267, 338)
(301, 699, 267, 342)
(300, 700, 267, 340)
(299, 700, 269, 341)
(299, 702, 267, 336)
(299, 701, 267, 336)
(299, 699, 271, 339)
(300, 699, 268, 338)
(300, 702, 265, 330)
(298, 699, 269, 336)
(297, 697, 271, 339)
(300, 700, 274, 328)
(301, 700, 270, 327)
(302, 700, 270, 326)
(298, 699, 267, 336)
(301, 702, 269, 322)
(303, 701, 267, 322)
(298, 696, 269, 341)
(304, 699, 266, 327)
(304, 702, 264, 323)
(304, 701, 264, 323)
(305, 701, 263, 321)
(304, 701, 265, 322)
(303, 701, 265, 320)
(301, 699, 266, 322)
(299, 699, 270, 324)
(297, 697, 272, 325)
(296, 699, 272, 318)
(297, 699, 271, 319)
(296, 699, 272, 319)
(297, 699, 271, 315)
(296, 698, 271, 320)
(296, 699, 270, 317)
(295, 699, 273, 315)
(298, 698, 271, 322)
(296, 698, 274, 321)
(297, 698, 270, 321)
(299, 699, 268, 323)
(299, 699, 269, 322)
(300, 700, 266, 317)
(301, 699, 269, 322)
(301, 698, 269, 325)
(302, 699, 266, 322)
(301, 699, 269, 326)
(302, 699, 267, 323)
(300, 700, 268, 323)
(300, 700, 268, 321)
(299, 698, 271, 325)
(299, 700, 269, 319)
(300, 700, 269, 321)
(298, 699, 273, 320)
(300, 699, 269, 321)
(300, 699, 268, 324)
(301, 699, 268, 325)
(301, 698, 271, 326)
(301, 700, 268, 322)
(300, 700, 269, 321)
(302, 700, 268, 324)
(303, 702, 266, 320)
(303, 702, 266, 319)
(303, 701, 265, 321)
(302, 701, 266, 322)
(301, 701, 266, 319)
(301, 700, 267, 322)
(300, 700, 268, 322)
(300, 700, 268, 323)
(301, 699, 269, 326)
(301, 700, 270, 324)
(300, 700, 269, 324)
(300, 699, 269, 329)
(301, 699, 269, 327)
(302, 700, 268, 323)
(302, 702, 265, 323)
(304, 700, 264, 326)
(303, 699, 266, 327)
(302, 701, 266, 322)
(303, 701, 264, 323)
(300, 699, 262, 336)
(300, 699, 265, 334)
(299, 698, 267, 338)
(299, 697, 268, 341)
(303, 698, 270, 329)
(298, 697, 268, 338)
(300, 699, 264, 335)
(304, 701, 264, 323)
(302, 701, 267, 325)
(303, 700, 267, 326)
(303, 701, 267, 323)
(303, 701, 267, 324)
(302, 700, 269, 324)
(302, 700, 269, 325)
(299, 697, 266, 338)
(302, 699, 269, 327)
(303, 701, 266, 323)
(303, 701, 266, 326)
(303, 702, 264, 323)
(303, 702, 264, 322)
(304, 701, 263, 323)
(303, 702, 264, 322)
(303, 701, 264, 324)
(302, 702, 267, 320)
(304, 701, 266, 319)
(304, 702, 266, 322)
(302, 701, 267, 322)
(303, 700, 267, 325)
(303, 700, 266, 323)
(303, 699, 266, 327)
(303, 701, 266, 324)
(302, 700, 268, 328)
(304, 702, 263, 321)
(303, 702, 265, 319)
(304, 701, 264, 320)
(302, 701, 268, 324)
(303, 700, 266, 320)
(303, 698, 266, 321)
(300, 700, 270, 321)
(300, 699, 270, 321)
(299, 698, 271, 322)
(297, 698, 272, 320)
(299, 699, 270, 318)
(299, 699, 268, 316)
(298, 698, 268, 320)
(300, 699, 270, 321)
(300, 698, 269, 321)
(300, 699, 270, 320)
(300, 700, 270, 314)
(298, 699, 272, 315)
(299, 698, 270, 319)
(300, 697, 268, 321)
(298, 695, 272, 329)
(299, 697, 271, 323)
(298, 696, 271, 321)
(299, 695, 269, 321)
(300, 695, 269, 322)
(302, 696, 264, 319)
(299, 694, 270, 322)
(297, 695, 270, 317)
(296, 691, 273, 327)
(298, 692, 269, 317)
(296, 691, 273, 323)
(296, 696, 272, 316)
(296, 693, 271, 321)
(298, 694, 268, 319)
(298, 693, 270, 322)
(299, 694, 268, 320)
(299, 693, 269, 325)
(298, 692, 272, 331)
(299, 694, 271, 327)
(299, 695, 271, 325)
(299, 693, 271, 331)
(299, 695, 272, 327)
(299, 695, 271, 326)
(298, 695, 273, 327)
(300, 695, 270, 328)
(301, 695, 269, 325)
(300, 695, 271, 325)
(299, 696, 274, 325)
(301, 695, 269, 326)
(300, 696, 269, 327)
(299, 695, 273, 327)
(300, 697, 269, 323)
(299, 698, 271, 319)
(300, 699, 269, 319)
(302, 698, 267, 324)
(300, 697, 272, 325)
(300, 698, 270, 323)
(302, 699, 267, 322)
(300, 699, 272, 320)
(300, 698, 271, 324)
(299, 696, 273, 328)
(300, 699, 270, 321)
(297, 696, 275, 325)
(297, 698, 273, 320)
(298, 697, 271, 321)
(298, 698, 270, 320)
(299, 698, 270, 322)
(299, 696, 271, 328)
(299, 697, 272, 324)
(300, 698, 271, 325)
(297, 698, 274, 327)
(300, 698, 272, 325)
(298, 698, 273, 325)
(299, 698, 274, 326)
(301, 698, 268, 324)
(300, 699, 269, 322)
(300, 699, 269, 326)
(299, 698, 271, 326)
(298, 698, 273, 327)
(298, 698, 273, 325)
(300, 698, 271, 324)
(300, 696, 272, 328)
(298, 696, 275, 330)
(297, 696, 275, 329)
(298, 698, 273, 327)
(297, 697, 275, 330)
(298, 698, 274, 325)
(298, 699, 274, 326)
(300, 697, 275, 329)
(300, 698, 272, 329)
(300, 699, 271, 325)
(302, 698, 270, 326)
(301, 697, 273, 329)
(301, 697, 275, 331)
(298, 692, 279, 358)
(305, 693, 282, 357)
(318, 693, 274, 353)
(333, 702, 276, 374)
